l =  92
z1 =

  -2.1856e+00
   1.4633e+00
  -7.8055e+00
   4.9151e+00
  -2.6583e+00
   6.4211e+00
  -2.6765e+01
   1.4633e+00
  -7.5080e-01
   4.2304e+00
  -1.9462e-01
   1.4773e+01
  -5.2395e+00
   4.9151e+00
  -2.6583e+00
   2.5466e+00
  -7.8055e+00
   3.5303e+00
  -6.0714e+00
   1.3831e+01
  -8.8327e-01
   4.9151e+00
  -4.4968e+00
   4.5553e-01
  -1.8528e+00
   3.5303e+00
  -2.8244e+00
   5.3930e-01
  -9.0965e+00
   1.0889e+01
  -2.0155e+00
   3.0453e+00
  -3.2251e+00
   4.9926e+00
  -1.7594e+01
   4.7062e+00
  -4.9926e+00
   4.5553e-01
  -8.8327e-01
   2.0155e+00
  -1.9641e+01
   2.3578e+00
  -4.2681e+01
   2.1955e+01
  -3.1347e+00
   6.9784e+00
  -1.1852e+01
   3.1347e+00
  -3.5998e-01
   6.0184e+00
  -4.9151e+00
   3.5480e+00
  -6.9190e+00
   1.7594e+01
  -1.1142e+01
   5.1652e+00
  -5.9118e-01
   5.9118e-01
  -2.1394e-01
   1.2661e+00
  -4.7599e+00
   2.7429e+00
  -1.7994e+01
   1.0059e+00
  -1.1142e+01
   3.5998e-01
  -3.5998e-01
   1.0059e+00
  -8.8870e-03
   2.6397e+01
  -9.2326e+00
   1.4773e+01
  -1.1852e+01
   3.0453e+00
  -1.7061e+00
   4.2681e+01
  -1.2661e+00
   4.9926e+00
  -6.9190e+00
   9.4944e-02
  -8.9901e+00
   6.0714e+00
  -4.7062e+00
   3.5303e+00
  -3.0453e+00
   5.1652e+00
  -1.4331e+00
   4.2304e+00
  -3.5998e-01
   4.7062e+00
  -3.6153e+00
   1.1852e+01

A =

   1041   1079   1117   1155     20     58     96    134    733    771    809    847    579    328    366    404
   1077   1115   1153    885     56     94    132    170    769    807    845    594    615    364    402    440
   1113   1151    900    921     92    130    168    189    805    843    592    613    651    400    438    476
   1149    898    919    957    128    166    204    225    841    590    628    649    687    436    474    495
    896    934    955    993    164    202    223    261    588    626    647    685    723    472    510    531
    932    953    991   1029    200    238    259      8    624    662    683    721    759    508    529    567
    968    989   1027   1065    236    257      6     44    660    681    719    757    795    544    565    314
    987   1025   1063   1101    272      4     42     80    696    717    755    793    831    563    312    350
   1023   1061   1099   1137      2     40     78    116    715    753    791    829    867    310    348    386
    192    230    268     17    905    943    981   1019    462    500    538    576    308    635    673    711
    228    266     15     36    941    979   1017   1038    498    536    574    323    344    671    709    747
    264     13     51     72    977   1015   1053   1074    534    572    321    342    380    707    745    766
     11     49     70    108   1013   1051   1072   1110    570    319    357    378    416    743    781    802
     47     85    106    144   1049   1087   1108   1146    317    355    376    414    452    779    800    838
     83    104    142    180   1085   1106   1144    893    353    391    412    450    488    815    836    585
    119    140    178    216   1121   1142    891    929    389    410    448    486    524    834    583    621
    138    176    214    252   1140    889    927    965    425    446    484    522    560    581    619    657

B =

 Columns 1 through 16:

   1059   1078   1097   1116   1135   1154    884     19     38     57     76     95    114    133    152    154
   1077   1096   1115   1134   1153    883    885     37     56     75     94    113    132    151    170    172
   1095   1114   1133   1152    882    901    903     55     74     93    112    131    150    169    171    190
   1113   1132   1151    881    900    902    921     73     92    111    130    149    168    187    189    208
   1131   1150    880    899    918    920    939     91    110    129    148    167    186    188    207    226
   1149    879    898    917    919    938    957    109    128    147    166    185    204    206    225    244
    878    897    916    935    937    956    975    127    146    165    184    203    205    224    243    262
    896    915    934    936    955    974    993   1012    164    183    202    221    223    242    261    280
    914    933    952    954    973    992   1011    163    182    201    220    222    241    260    279      9
    932    951    953    972    991   1010   1029    181    200    219    238    240    259    278      8     27
    950    969    971    990   1009   1028   1047    199    218    237    239    258    277      7     26     45
    968    970    989   1008   1027   1046   1065    217    236    255    257    276      6     25     44     63
    986    988   1007   1026   1045   1064   1083    235    254    256    275      5     24     43     62     81
    987   1006   1025   1044   1063   1082   1101    253    272    274      4     23     42     61     80     99
   1005   1024   1043   1062   1081   1100   1119    271    273      3     22     41     60     79     98    117
   1023   1042   1061   1080   1099   1118   1137    289      2     21     40     59     78     97    116    135
    174    193    212    231    250    269    288    868    887    906    925    944    963    982   1001   1020
    192    211    230    249    268    287     17    886    905    924    943    962    981   1000   1019   1021
    210    229    248    267    286     16     18    904    923    942    961    980    999   1018   1037   1039
    228    247    266    285     15     34     36    922    941    960    979    998   1017   1036   1038   1057
    246    265    284     14     33     35     54    940    959    978    997   1016   1035   1054   1056   1075
    264    283     13     32     51     53     72    958    977    996   1015   1034   1053   1055   1074   1093
    282     12     31     50     52     71     90    976    995   1014   1033   1052   1071   1073   1092   1111
     11     30     49     68     70     89    108    994   1013   1032   1051   1070   1072   1091   1110   1129
     29     48     67     69     88    107    126    145   1031   1050   1069   1088   1090   1109   1128   1147
     47     66     85     87    106    125    144   1030   1049   1068   1087   1089   1108   1127   1146    876
     65     84     86    105    124    143    162   1048   1067   1086   1105   1107   1126   1145    875    894
     83    102    104    123    142    161    180   1066   1085   1104   1106   1125   1144    874    893    912
    101    103    122    141    160    179    198   1084   1103   1122   1124   1143    873    892    911    930
    119    121    140    159    178    197    216   1102   1121   1123   1142    872    891    910    929    948
    120    139    158    177    196    215    234   1120   1139   1141    871    890    909    928    947    966
    138    157    176    195    214    233    252   1138   1140    870    889    908    927    946    965    984

 Columns 17 through 32:

    751    770    789    808    827    846    865    595    597    616    346    365    384    403    422    441
    769    788    807    826    845    864    594    596    615    634    364    383    402    421    440    459
    787    806    825    844    863    593    612    614    633    652    382    401    420    439    458    460
    805    824    843    862    592    611    613    632    651    670    400    419    438    457    476    478
    823    842    861    591    610    629    631    650    669    688    418    437    456    475    477    496
    841    860    590    609    628    630    649    668    687    706    436    455    474    493    495    514
    859    589    608    627    646    648    667    686    705    724    454    473    492    494    513    532
    588    607    626    645    647    666    685    704    723    742    472    491    510    512    531    550
    606    625    644    663    665    684    703    722    741    760    490    509    511    530    549    568
    624    643    662    664    683    702    721    740    759    778    508    527    529    548    567    297
    642    661    680    682    701    720    739    758    777    796    526    528    547    566    296    315
    660    679    681    700    719    738    757    776    795    814    544    546    565    295    314    333
    678    697    699    718    737    756    775    794    813    832    545    564    294    313    332    351
    696    698    717    736    755    774    793    812    831    850    563    293    312    331    350    369
    714    716    735    754    773    792    811    830    849    851    292    311    330    349    368    387
    715    734    753    772    791    810    829    848    867    580    310    329    348    367    386    405
    444    463    482    501    520    539    558    577    290    309    617    636    655    674    693    712
    462    481    500    519    538    557    576    306    308    327    635    654    673    692    711    730
    480    499    518    537    556    575    305    307    326    345    653    672    691    710    729    748
    498    517    536    555    574    304    323    325    344    363    671    690    709    728    747    749
    516    535    554    573    303    322    324    343    362    381    689    708    727    746    765    767
    534    553    572    302    321    340    342    361    380    399    707    726    745    764    766    785
    552    571    301    320    339    341    360    379    398    417    725    744    763    782    784    803
    570    300    319    338    357    359    378    397    416    435    743    762    781    783    802    821
    299    318    337    356    358    377    396    415    434    453    761    780    799    801    820    839
    317    336    355    374    376    395    414    433    452    471    779    798    800    819    838    857
    335    354    373    375    394    413    432    451    470    489    797    816    818    837    856    586
    353    372    391    393    412    431    450    469    488    507    815    817    836    855    585    604
    371    390    392    411    430    449    468    487    506    525    833    835    854    584    603    622
    389    408    410    429    448    467    486    505    524    543    834    853    583    602    621    640
    407    409    428    447    466    485    504    523    542    561    852    582    601    620    639    658
    425    427    446    465    484    503    522    541    560    562    581    600    619    638    657    676

F =

   42   21    7    1
   63   36    6    3
   12   15    8    2
   31   13    5    2

ans =

   21
    6
    2

C =

 Columns 1 through 16:

   1041   1078   1115   1152    900    920    957    127    164    201    238    258      6     43     80    117

 Columns 17 through 32:

    715    463    500    537    574    322    342    379    416    453    779    816    836    584    621    658

 Columns 33 through 48:

    695   1040   1077   1114   1151    899    919    956    993    163    200    237    257      5     42     79

 Columns 49 through 64:

    116   1020    462    499    536    573    321    341    378    415    452    489    815    835    583    620

 Columns 65 and 66:

    657    694

warning: load: '/home/alexander/Downloads/Assignment 1/Matlab Lab 2&3/data.mat' found by searching load path
warning: called from
    /home/alexander/Downloads/Assignment 1/Matlab Lab 2&3/Lab_2-3.m at line 35 column 1
Problem Five=========================
L =  3
values =

   0
   0
   0

idx =  202
ans =  2.0100
values =

   1.78200
   0.00000
   0.00000

values =

   1.78200
   0.00000
   0.00000

idx =  701
ans =  7
values =

   1.78200
   0.02413
   0.00000

values =

   1.78200
   0.02413
   0.00000

idx =  46
ans =  0.45000
values =

   1.781997
   0.024131
   4.027697

values =

   1.781997
   0.024131
   4.027697

V_i =

   1.781997
   0.024131
   4.027697

M =  10
N =  6
P =  23
Y_scaled =

ans(:,:,1) =

    40    10    40    -0    80   -70
    20    30   -50    -0    20   100
    60   -20    60   -80   -90   -20
   -40    70    40   -30    70    10
   -30    70    90    60   -80   -10
    30   -40   -20    60    10   -10
    30  -100   -90   -50    20   -10
  -100   -70    40    50    40   -70
   -70   -70    90   -50    10   -40
    10   -10   -90   -10   -80  -100

ans(:,:,2) =

  -120  -160    40    20   -60   -40
    80   -60   -60  -180   120    80
  -100    20    60    20   200   100
    60   -80  -160   -20  -160   140
    60   -60   180   -40    20  -120
   140    80    40  -160   160     0
    40  -100  -140   -80   140   -20
     0   200  -180  -140    80  -200
  -200  -160    80  -160  -100  -120
   -20   160    -0   -60    60  -140

ans(:,:,3) =

  -270  -150   120  -150   120  -150
   210    90   -30   -30   210   270
   -30  -210   -90   270   180   300
    90     0  -210   180    60   240
  -150   -30   -30    90    30   180
   -30   210   120  -180  -270    30
   150  -300  -270   300   150    -0
    30   -90   120  -270   240   150
   270   180   270   180    60   300
     0   -30   210  -180   210    30

ans(:,:,4) =

  -320  -360   -80   -40  -360   400
   160  -200   -80   -80  -240   160
   -40    80  -160    80   360   240
    40  -200   280  -280  -120  -280
   160   200  -280   280   200   200
   360  -160   400  -360   320   200
   120   -40  -160  -320    80  -320
  -160    80  -400   360   360  -120
   240    80  -320  -360  -400  -200
   400   120   240   160   360  -320

ans(:,:,5) =

   250   400   300  -200   300  -250
   250   500   -50    50  -450  -350
     0    -0  -450  -450   450  -100
   300   450   450   150   400   200
  -400  -400   350   400   300  -100
  -300    50  -200  -100  -100     0
   -50  -200  -400   300   450  -450
    50  -250  -350  -300  -200  -350
   -50  -400  -200   150  -450   500
  -450   150  -400   100  -200  -400

ans(:,:,6) =

  -240  -240   180   -60  -180   420
   -60     0  -120   120   480   300
   420  -120     0   -60   240  -300
  -120   240     0  -120   420   480
  -600  -240  -240   480   420  -480
   120    60   360  -480   480   -60
   300   540   420   360  -360    60
   180   360   120  -120  -180  -600
  -300    60   180   420    60  -300
   -60  -360  -480  -420   120    60

ans(:,:,7) =

   560   350   630  -420  -140  -560
  -700  -490   630   -70    70  -420
  -490   140    70    -0   490   490
   280   140  -560   280  -420  -280
  -420   630   700   -70  -700   350
   280   140  -280   280  -350  -140
  -280  -280  -210  -560  -280  -140
  -420  -560   490   420  -490  -700
   700   420   700   490   560   490
   630   630   280    70   490   -70

ans(:,:,8) =

  -560   480  -240  -400   160   160
  -720  -240   640   560  -640  -320
  -240   560    -0  -640  -400  -160
    80   720   720  -400  -160   160
  -640  -720  -400  -480   480  -480
  -240   560   400  -720  -640   560
  -160  -160  -240  -480  -400   240
  -240  -160   560   320     0  -800
   400  -720   640   240   -80   640
  -160  -240  -640   320   400   560

ans(:,:,9) =

   720  -450   360   720   180   270
     0  -630   450   360   810  -270
   -90  -180  -720   630   450   810
  -180   810  -720   180   720   720
  -900  -180  -720   -90   360   360
    90  -180  -360  -360  -630  -720
   540  -450  -540   810  -270   180
   540   900  -900   360  -630  -810
   630   270  -540  -270  -630   360
   810  -450  -540  -180  -630    90

ans(:,:,10) =

   -700   -400   -200      0   -600   -500
    400   1000   -600    600  -1000   -800
    100    800      0   -100   -400    700
    400    300   -700    200   -600   -300
    900   -600    900   -200    300     -0
   -800   -100    100   -700    500     -0
   -500   -300    400   -500    100   1000
  -1000   -700   -100    200   -200    100
   -300    300  -1000   -700   -800    900
   -700    400    400   -400    400    900

ans(:,:,11) =

   -770    770   -330    440    330    440
    990    550   -990    990    220    330
   -770    220   -110   -440    110   -550
   -330    110   -330  -1100   -330   -990
   -550    220   -220   -440    770   -440
   -440     -0   -330     -0      0    770
   -330   -660    880    330   -330    440
    770   -440    220   -220    550   -660
    770    550   -660    770    880   -550
   -550    880   -440   1100    110      0

ans(:,:,12) =

    480    480   -360   -360   -480   1080
   -720   -240   -240    720   1080    840
      0   -480    600      0   -960   -120
   -600    720    600    360   -720   -120
    360  -1080   -360  -1080   -120    960
    120    840   -480    840    120    840
    120   1200    120   -600   1200     -0
    960    600    960   -840    120   1200
    840   -960   1080   -360    720    120
   -720   1080    240   -120   -240   1080

ans(:,:,13) =

    260    520  -1170   -260    520    910
    130    650   -650    650   -520   -260
    260   -260   -910    520    260   -390
      0    390    260    910   -260   -910
   -780    650    780   1040   -520   1170
   -130    260  -1170    390   -780   1040
    650    130  -1040   -130   1170    650
  -1170    780    780   -130    780    390
   -390    780   -520   1040   1040      0
    910   -520     -0   -910   1300  -1170

ans(:,:,14) =

   -560   -140  -1260     -0  -1260  -1400
    980    140    420   -840  -1260    280
   -280  -1260   -280     -0  -1260    280
   -980   -980    560   -420   -280     -0
   -560    280   -980   1400  -1260   -980
  -1400   1260    980   -280    420    420
      0   -980    560    840    280   -980
    700   -700    840   -840    140   1260
  -1260  -1400   -420  -1120   -280    420
    700   1120    560    980    840   1260

ans(:,:,15) =

     -0   -900    300   -300  -1500   1050
   -300    750    150    600   1050   1200
    150   -900   -150    300   1350   1050
   -300   -150  -1350   -600      0   -600
  -1050   -600    300   -900     -0   -600
   -750   1200   -150   -300    600    300
   -300   1200  -1200    600   1350   -150
   -600   -600   -600   -300   -300   -300
    150  -1200   -600     -0   -450   -150
   1050   1350    900    750   -900   -450

ans(:,:,16) =

      0   -640   1600    160   -800    160
    800   1600  -1440   -320    640   -800
  -1120    640   1440    800    640  -1440
    480  -1440   -800   -640   -480   1120
   -320   -320   -960  -1600   -480    640
  -1440  -1440    480  -1280   -800   -320
   1440    480   -800   1280  -1280   -320
   1280   -480   -800   -640   -160    960
  -1600  -1440   -160    640      0     -0
   -640      0   1440    960   1440    480

ans(:,:,17) =

    680   1360   1700   1190   1700   -850
   -680   1360   1020    170   1530   -850
   -510   -170   1190  -1360  -1190    680
  -1360   1700  -1020    340  -1190   -850
  -1190  -1190     -0   1020   1020   -170
   1020   1190   1360  -1360   1530   -170
   1360  -1190    680    850   1700   1190
    340   -170   1190    850    170   -510
    170  -1700    340   1360   1020    170
    170   1190   -340   -340   1360    170

ans(:,:,18) =

     -0  -1260    900   1620  -1260  -1440
  -1260    900    540   -900   -720  -1620
   1800  -1260  -1260   1620   -180   1620
  -1620   1620   1440    360   1080   1260
     -0   1260   1260   -360   1440  -1260
   -360   1080    720   -360      0   1620
  -1260   -720   1440  -1620   -180    180
   -180   1440   -900   1080   -720   1080
   -540    900    900   -540    180  -1620
    180    180      0   -180  -1440  -1260

ans(:,:,19) =

    190    570    190   1520   -760    570
  -1140   -190    760    380   -570      0
   -760   1330     -0    380  -1520    380
   1520   1710    190   1520   -190   -950
    190  -1330   1710   -190   1330   1330
   1710  -1140   1330   -190   1330   1710
    570  -1710  -1900   -760   -570  -1710
    190    190   -950    570    570   -380
   1330  -1140   1710  -1330  -1520   -380
    190   -760   -760  -1330    950   -570

ans(:,:,20) =

    800    400    200   -600  -1800   1800
   1600   -200    600    600   1800  -2000
   1800   -200     -0  -1600  -1000   1000
  -1400  -1800    600  -1800  -1600  -1600
  -1400   1600  -1200    600    600  -1000
    600    800   -200  -1000  -1200    400
   -800  -1800      0   1200      0   1800
   -400   -800   1200   2000  -1000   1400
  -1200    200  -1000   -800   1800  -1200
   1600  -2000  -1000   -400   -800   1600

ans(:,:,21) =

  -1890   -840   -420   1260   -840   -210
    630   -630   1260   -840   1890   -420
  -1470    420  -2100      0  -2100  -1680
   -630   -210  -1470  -1680   1680  -1470
   1470  -1680   1680    420  -2100   1260
   1260  -1890   1680  -1890    630   -210
   1680   -420  -1680  -1470   1050  -2100
   -630  -1470    210   -840      0  -1470
  -1050   1470    840   -420    420   1680
   1680  -1470      0   -840    210   -840

ans(:,:,22) =

  -1760    220   -660  -1320    440  -1100
   1980   1980    660   1320   1320    440
   -440   1540    660  -1320   -880  -1100
   -220   -660      0  -1320   1540  -1540
  -1760   -220    880    880   1980   -660
  -1760   1980   -660  -1980   1100   -440
  -1760  -1760   1760  -1320   1760  -1100
  -1320  -2200   1100   -660   2200    440
  -1760  -1540   1980    440      0   1540
   1760    880   -880     -0   1100   -220

ans(:,:,23) =

   1840   1610  -1380   2070    920   2070
   1150   -690   -920    230   2300  -1840
   -460   1610   -230    460  -2300  -1840
   2070   1610   2070   2070    690    920
   -230  -1150   1380   1610   2300   1610
   1610  -1840  -2070   -460   -230      0
    920    690   2070  -2070   -690  -1380
  -1150     -0   -460    690    690   -230
    460   1610  -1610   -460  -1380  -2070
    230   1380   1840   1610      0    230

warning: load: '/home/alexander/Downloads/Assignment 1/Matlab Lab 2&3/student_grades.mat' found by searching load path
warning: called from
    /home/alexander/Downloads/Assignment 1/Matlab Lab 2&3/Lab_2-3.m at line 61 column 1


L2 =  10
credithours =

   3
   1
   3
   3
   3
   4
   3
   4
   1

grades =

   4.3330
   2.3330
   2.0000
   2.0000
   2.0000
   3.0000
   3.0000
   2.6660
   4.0000

credithours =

   3
   1
   3
   3
   3
   4
   3
   4
   1

grades =

   3.6660
   4.0000
   4.3330
   4.3330
   2.3330
   2.3330
   3.6660
   2.0000
   3.3330

credithours =

   3
   1
   3
   3
   3
   4
   3
   4
   1

grades =

   3.3330
   4.0000
   3.0000
   3.0000
   3.6660
   3.6660
   3.3330
   2.6660
   2.3330

credithours =

   3
   1
   3
   3
   3
   4
   3
   4
   1

grades =

   3.3330
   2.6660
   2.0000
   4.0000
   2.3330
   3.0000
   3.6660
   2.6660
   3.6660

credithours =

   3
   1
   3
   3
   3
   4
   3
   4
   1

grades =

   3.0000
   3.6660
   3.6660
   3.0000
   2.0000
   2.6660
   3.0000
   2.6660
   2.3330

credithours =

   3
   1
   3
   3
   3
   4
   3
   4
   1

grades =

   4.0000
   3.0000
   4.3330
   3.0000
   4.0000
   3.0000
   4.0000
   4.0000
   3.0000

credithours =

   3
   1
   3
   3
   3
   4
   3
   4
   1

grades =

   2.3330
   4.0000
   4.3330
   2.6660
   3.6660
   3.0000
   4.0000
   4.0000
   2.3330

credithours =

   3
   1
   3
   3
   3
   4
   3
   4
   1

grades =

   4.0000
   4.3330
   3.3330
   4.3330
   3.3330
   2.3330
   2.3330
   3.0000
   3.6660

credithours =

   3
   1
   3
   3
   3
   4
   3
   4
   1

grades =

   4.0000
   4.0000
   2.6660
   3.3330
   2.0000
   2.0000
   2.3330
   3.6660
   3.0000

credithours =

   3
   1
   3
   3
   3
   4
   3
   4
   1

grades =

   2.3330
   3.0000
   2.3330
   2.0000
   4.0000
   3.3330
   4.3330
   3.6660
   3.3330
